17349410
17349432
17349418
17349447
17349425
17345769
17345883
17345849
17345905
17345869
17345756
17345834
17340688
17345888
17345856
17345914
17345878
17345840
17345721
17345895
17345863
17345827
17345731
17346042
17346011
17345975
17345926
17346033
17345999
17345771
17345956
17345739
17346048
17346018
17345982
17345761
17345932
17346038
17346006
17345775
17345967
17345743
17346054
17346026
17345993
17345940
17349431
17349417
17349442
17345764
17349423
17345780
17345747
17345903
17345868
17345755
17345832
17345887
17345855
17345911
17345873
17345839
17345720
17345893
17345861
17345881
17345766
17345846
17345974
17346057
17345924
17346032
17345998
17345955
17345738
17346047
17346017
17345981
17345760
17345931
17346037
17346005
17345774
17345964
17345742
17346052
17346023
17345991
17345939
17345725
17346041
17346010
17345768
17349430
17349416
17349439
17349421
17349452
17345866
17345753
17345830
17345885
17345770
17345853
17345908
17345871
17345838
17345719
17345892
17345860
17345916
17345880
17345843
17345901
17345919
17346031
17345996
17345949
17345737
17346046
17346014
17345980
17345928
17346036
17346004
17345773
17345961
17345741
17346051
17346022
17345987
17345763
17345937
17346040
17346009
17345973
17346056
17349428
17349411
17349433
17349420
17345779
17349451
17345745
17345765
17345828
17345884
17345850
17345907
17345870
17345759
17345835
17345718
17345890
17345857
17345915
17345879
17345841
17345723
17345899
17345781
17345864
17345749
17345994
17345767
17345946
17345736
17346043
17346012
17345977
17345927
17346034
17346003
17345772
17345959
17345740
17346049
17346021
17345983
17345762
17345934
17346039
17346008
17345969
17346055
17345918
17346030
